01: [0.9765620231628418, 0.9765620231628418, 2.5]
02: [0.9082030057907104, 0.9082030057907104, 2.5]
03: [0.837890625, 0.837890625, 3.0]
04: [0.7421879768371582, 0.7421879768371582, 2.5]
05: [0.8203120231628418, 0.8203120231628418, 2.5]
06: [0.7929689884185791, 0.7929689884185791, 2.5]
07: [0.8359379768371582, 0.8359379768371582, 2.5]
08: [0.7324219942092896, 0.7324219942092896, 2.5]
09: [0.7988280057907104, 0.7988280057907104, 2.5]
10: [0.7949219942092896, 0.7949219942092896, 2.5]
11: [0.9316409826278687, 0.9316409826278687, 2.5]
12: [0.7421875, 0.7421875, 3.0]
13: [0.8984375, 0.8984375, 3.0]
14: [0.9199219942092896, 0.9199219942092896, 5.0]
15: [0.9765620231628418, 0.9765620231628418, 2.5]
16: [0.9472659826278687, 0.9472659826278687, 2.5]
17: [0.8203120231628418, 0.8203120231628418, 2.5]
18: [0.8671879768371582, 0.8671879768371582, 2.5]
19: [0.8808590173721313, 0.8808590173721313, 2.5]
20: [0.9765620231628418, 0.9765620231628418, 5.0]
21: [0.7226560115814209, 0.7226560115814209, 2.5]
22: [0.740234375, 0.740234375, 3.0]
23: [0.70703125, 0.70703125, 5.0]
24: [0.7753909826278687, 0.7753909826278687, 5.0]
25: [0.8144530057907104, 0.8144530057907104, 5.0]
26: [0.7773439884185791, 0.7773439884185791, 2.5]
27: [0.685546875, 0.685546875, 3.0]
28: [0.8066409826278687, 0.8066409826278687, 2.5]
29: [0.7792969942092896, 0.7792969942092896, 5.0]
30: [0.9760000109672546, 0.9760000109672546, 5.0]
31: [0.90625, 0.90625, 3.0]
32: [0.9257810115814209, 0.9257810115814209, 2.5]
33: [0.720703125, 0.720703125, 3.0]
34: [0.796875, 0.796875, 5.0]
35: [0.8378909826278687, 0.8378909826278687, 2.5]
36: [0.7421875, 0.7421875, 3.0]
37: [0.703125, 0.703125, 5.0]
38: [0.765625, 0.765625, 2.5]
39: [0.765625, 0.765625, 2.5]
40: [0.7675780057907104, 0.7675780057907104, 2.5]
41: [0.78125, 0.78125, 2.5]
42: [0.7675780057907104, 0.7675780057907104, 2.5]
43: [0.7792969942092896, 0.7792969942092896, 2.5]
44: [0.7734379768371582, 0.7734379768371582, 2.5]
45: [0.66796875, 0.66796875, 3.0]
46: [0.701171875, 0.701171875, 3.0]
47: [0.8984379768371582, 0.8984379768371582, 2.5]
48: [0.78125, 0.78125, 3.0]
49: [0.8710939884185791, 0.8710939884185791, 2.5]
50: [0.7675780057907104, 0.7675780057907104, 5.0]
51: [0.7695310115814209, 0.7695310115814209, 5.0]
52: [0.7695310115814209, 0.7695310115814209, 2.5]
53: [0.68359375, 0.68359375, 3.0]
54: [0.6445310115814209, 0.6445310115814209, 2.5]
55: [0.8632810115814209, 0.8632810115814209, 2.5]
56: [0.8984379768371582, 0.8984379768371582, 2.5]
57: [0.796875, 0.796875, 2.5]
58: [0.9765620231628418, 0.9765620231628418, 2.5]
59: [0.8984379768371582, 0.8984379768371582, 2.5]
60: [0.7519530057907104, 0.7519530057907104, 2.5]
61: [0.83203125, 0.83203125, 5.0]
62: [0.74609375, 0.74609375, 3.0]
63: [0.7539060115814209, 0.7539060115814209, 5.0]
64: [0.59375, 0.59375, 3.0]
65: [0.7226560115814209, 0.7226560115814209, 2.5]
66: [0.8203120231628418, 0.8203120231628418, 2.5]
67: [0.875, 0.875, 3.0]
68: [0.8222659826278687, 0.8222659826278687, 2.5]
69: [0.6835939884185791, 0.6835939884185791, 4.0]
70: [0.7734379768371582, 0.7734379768371582, 2.5]
71: [0.9628909826278687, 0.9628909826278687, 2.5]
72: [0.8164060115814209, 0.8164060115814209, 2.5]
73: [0.7792969942092896, 0.7792969942092896, 2.5]
74: [0.9765620231628418, 0.9765620231628418, 2.5]
75: [0.748046875, 0.748046875, 3.0]
76: [0.7304689884185791, 0.7304689884185791, 2.5]
77: [0.78125, 0.78125, 2.5]
78: [0.728515625, 0.728515625, 3.0]
79: [0.671875, 0.671875, 5.0]
80: [0.7910159826278687, 0.7910159826278687, 2.5]
